cv<- c(5,2,2,3,3,5,5,4,4,4,4,3,3,3,3,15,20,20,20,15,20,20,15,20,20,20,20,15,20,20,22,20,20,30,25,23,40,35,35,40,30,27,40,40,25,15,30,15,20,20,30,18,20,18,10,18,21,22,25,20,30,25,25,25,20,20,20,15,20,20,12,13,15,30,15,6,1,5,2,0.3,3,5,0,0.3,1,0,0.3,1,3,2,3,2,1,3,4,3,2,3,4,3,3,4,7,4,4,4,4,10,9,3,6)
年度<- factor(c(rep("2014A",15),rep("2013A",15),rep("2013B",15),rep("2013C",15),rep("2013D",15),rep("C-W",12),rep("C-E",12),rep("C-N",12)))

斜面位置試験区<- factor(rep(c(rep("u",5),rep("m",5),rep("l",5)),5))
斜面位置対照区<- factor(rep(c(rep("u",4),rep("m",4),rep("l",4)),3))
斜面位置<- factor(c(斜面位置試験区,斜面位置対照区))

※l=1,m=2,u=3になった

Elymus_flower<- c(0,0,0,0,0,0,0,0,0,0,0,0,0,0,0,24,36,4,98,48,27,28,64,69,0,39,16,3,17,18,10,0,0,16,0,5,12,6,18,16,12,35,35,13,33,1,5,0,1,2,7,5,11,2,0,2,2,4,3,3,0,1,0,0,0,8,4,2,21,15,5,9,8,27,25,0,0,0,0,0,0,0,0,0,0,0,0,0,0,0,0,0,0,0,0,0,0,0,0,0,0,0,0,0,0,0,0,0,0,0,0)

※2013B~Dのみ
cv<- c(22,20,20,30,25,23,40,35,35,40,30,27,40,40,25,15,30,15,20,20,30,18,20,18,10,18,21,22,25,20,30,25,25,25,20,20,20,15,20,20,12,13,15,30,15)
年度<- factor(c(rep("2013B",15),rep("2013C",15),rep("2013D",15)))

斜面位置試験区<- factor(rep(c(rep("u",5),rep("m",5),rep("l",5)),3))


21	6	11	5	0	0	0	10	3	0	0	0	0	0	0	0	0	0
4	5	3	6	0	0	0	3	5	0	0	0	0	0	0	0	0	0
0	4	10	0	0	0	0	19	0	0	0	0	0	0	0	0	0	0
0	2	3	0	0	0	0	0	0	0	0	0	0	0	0	0	0	0
0	42	9	0	0	0	0	0	0									

Agropyron_flower<- c(0,0,0,0,0,0,0,0,0,0,0,0,0,0,0,0,0,0,0,0,0,0,0,0,0,0,0,0,0,0,21,4,0,0,0,6,5,4,2,42,11,3,10,3,9,5,6,0,0,0,0,0,0,0,0,0,0,0,0,0,0,0,0,0,0,10,3,19,0,0,3,5,0,0,0,0,0,0,0,0,0,0,0,0,0,0,0,0,0,0,0,0,0,0,0,0,0,0,0,0,0,0,0,0,0,0,0,0,0,0,0)

24	27	39	31	11	23	6	7	2	0	18	8
36	28	16	4	17	38	11	5	2	1	7	14
4	64	3	0	10	45	0	11	4	0	21	8
98	69	17	16	20	16	1	2	3	0	21	27
48	6	18	0	58	42	2	0	3	0	15	25

all_flowers<- c(0,0,0,0,0,0,0,0,0,0,0,0,0,0,0,24,36,4,98,48,27,28,64,69,6,39,16,3,17,18,31,4,0,16,0,11,17,10,20,58,23,38,45,16,42,6,11,0,1,2,7,5,11,2,0,2,2,4,3,3,0,1,0,0,0,18,7,21,21,15,8,14,8,27,25,0,0,0,0,0,0,0,0,0,0,0,0,0,0,0,0,0,0,0,0,0,0,0,0,0,0,0,0,0,0,0,0,0,0,0,0)

6	4	6	4	5	4	4	5	4	3	4	4	4	3	6	5	1
4	3	3	4	6	7	3	6	5	4	6	6	4	5	5	2	2
3	5	4	4	4	6	5	6	5	3	4	5	4	7	4	2	3
4	5	3	2	5	7	3	4	5	6	6	4	4	4	3	2	0
4	6	5	2	5	6	5	5	5	5	4	5	5	5	5		

種数<- c(6,4,3,4,4,4,3,5,5,6,6,3,4,3,5,4,4,4,2,2,5,6,4,5,5,4,7,6,7,6,4,3,5,3,5,
5,6,6,4,5,4,5,5,5,5,3,4,3,6,5,4,6,4,6,4,4,6,5,4,5,4,4,4,4,5,3,5,7,4,5,6,5,4,3,5,5,2,2,2,1,2,3,0,
1,1,0,2,4,6,7,6,6,2,4,4,4,4,4,5,4,4,6,4,6,4,6,5,4,3,4,4)


0.34435	0.21009	0.39995	0.1586957	0.2314787	0.1457629	0.9356228	0.4416242	0.9520635	0.1234384	0.105041	0.7406137	0.2231523	0.6451904	0.877602
0.3487162	0.4113699	0.1167005	0.1022902	0.1742119	0.268348	0.1006734	0.7267452	0.8829715	0.0754446	0.6632552	0.7905738	0.5342109	0.4445859	0.638922
0.3471164	0.5553744	0.205278	0.1946836	0.1023106	0.3234019	0.6523656	0.5582379	1.1341649	0.6207027	0.5805409	0.5214542	0.411362	0.9315616	0.7351036
0.4622105	0.2813203	0.1328712	0.0532463	0.1520493	0.2830395	0.4260483	0.2952735	1.1200236	0.6913794	0.8698859	0.3028425	0.2052318	0.5961114	0.7113199
0.3898177	0.3490315	0.2950715	0.0799825	0.2085171	0.2048049	0.2482967	1.0375662	0.9564636	0.6888289	0.246443	0.2448227	0.5883208	1.0192661	0.8114983

多様度指数<- c(0.34,0.35,0.35,0.46,0.39,0.21,0.41,0.56,0.28,0.35,0.40,0.12,0.21,0.13,0.30,
0.16,0.10,0.19,0.05,0.08,0.23,0.17,0.10,0.15,0.21,0.15,0.27,0.32,0.28,0.20,0.94,0.10,0.65,0.43,0.25,0.44,0.73,0.56,0.30,1.04,0.95,0.88,1.13,1.12,0.96,0.12,0.08,0.62,0.69,0.69,0.11,0.66,0.58,0.87,0.25,0.74,0.79,0.52,0.30,0.24,0.22,0.53,0.41,0.21,0.59,0.65,0.44,0.93,0.60,1.02,0.88,0.64,0.74,0.71,0.81)
年度<- factor(c(rep("2014A",15),rep("2013A",15),rep("2013B",15),rep("2013C",15),rep("2013D",15)))
斜面位置試験区<- factor(rep(c(rep("u",5),rep("m",5),rep("l",5)),5))


Elymus_height<- c(8,7,7,7,8,8,10,10,8,6,8,9,10,7,7,50,50,40,60,60,60,40,50,55,40,50,40,25,40,40,20,20,20,60,20,50,35,50,45,60,50,60,60,70,60,
25,40,15,20,25,20,40,40,30,25,25,30,30,30,40,25,25,25,25,16,50,45,30,40,50,40,45,25,60,50)
年度<- factor(c(rep("2014A",15),rep("2013A",15),rep("2013B",15),rep("2013C",15),rep("2013D",15)))
斜面位置試験区<- factor(rep(c(rep("u",5),rep("m",5),rep("l",5)),5))



Caragana_height<- c(5,3,4,3,1.5,4,4,2,3,3,3,3,4,3,3,7,10,12,7,10,9,8,5,12,10,7,7,10,10,4,20,15,8,3,15,10,15,8,20,10,2,10,10,7,7,5,5,5,4,4,5,4,18,10,14,15,10,15,15,25,18,
10,5,4,1,4,8,5,6,8,5,3,13,5,6,4,8,10,12,8)
年度<- factor(c(rep("2014A",15),rep("2013A",15),rep("2013B",9),rep("2013C",13),rep("2013D",9),rep("C-E",8),rep("C-N",11)))
斜面位置1<- factor(rep(c(rep("u",5),rep("m",5),rep("l",5)),2))
斜面位置2<- factor(c(rep("u",3),rep("m",3),rep("l",3)))
斜面位置3<- factor(c(rep("u",4),rep("m",5),rep("l",4)))
斜面位置4<- factor(c(rep("u",1),rep("m",4),rep("l",4)))
斜面位置5<- factor(c(rep("u",3),rep("m",3),rep("l",2)))
斜面位置6<- factor(c(rep("u",4),rep("m",4),rep("l",3)))

斜面位置<- factor(c(斜面位置1,斜面位置2,斜面位置3,斜面位置4,斜面位置5,斜面位置6))
※l=1,m=2,u=3になった

Agropyron_height<- c(35,40,45,30,35,45,50,50,35,50,70,60,30,50,50,40,50,50,45,5,6,10,60,70,8,40)
年度<- factor(c(rep("2013B",12),rep("2013C",2),rep("2013D",5),rep("C-W",3),rep("C-N",4)))
斜面位置1<- factor(c(rep("u",2),rep("m",5),rep("l",5)))
斜面位置2<- factor(c(rep("u",2),rep("m",3),rep("l",2)))
斜面位置3<- factor(c(rep("u",1),rep("m",2),rep("l",4)))
斜面位置<- factor(c(斜面位置1,斜面位置2,斜面位置3))









